aa,G,A,V,L,I,F,Y,W,M,C,P,S,T,N,Q,H,K,R,D,E
G,-0.29,-0.14,-0.1,-0.04,0.27,-0.09,-0.21,-0.34,0.25,-0.42,0.06,0.04,0.28,0.49,0.54,-0.09,0.56,0.4,-0.26,0.21
A,-0.14,-0.18,-0.15,-0.24,-0.25,-0.16,-0.18,-0.01,-0.02,0.08,0.28,0.38,0.06,-0.04,0.35,0.44,0.28,0.59,0.24,0.53
V,-0.1,-0.15,-0.48,-0.29,-0.31,-0.31,0,0.18,-0.02,0.08,0.76,0.18,0.19,0.48,0.41,0.37,0.53,0.43,0.51,0.37
L,-0.04,-0.24,-0.29,-0.43,-0.45,-0.28,-0.1,-0.18,-0.32,0.36,0.3,0.3,0.57,0.25,0.35,0.1,0.37,0.37,0.8,0.51
I,0.27,-0.25,-0.31,-0.45,-0.48,-0.05,-0.34,-0.28,0.21,-0.16,0.99,0.57,0.34,1.45,0.44,0.24,20,0.05,0.26,0.53
F,-0.09,-0.16,-0.31,-0.28,-0.05,-0.5,-0.27,0.16,-0.36,-0.28,0.65,0.15,0.25,0.12,-0.04,0.25,0.75,0.31,0.33,0.38
Y,-0.21,-0.18,0,-0.1,-0.34,-0.27,-0.11,-0.3,0.01,0.69,-0.02,-0.03,0.23,-0.14,-0.06,0.33,20,0.03,0.61,0.25
W,-0.34,-0.01,0.18,-0.18,-0.28,0.16,-0.3,-0.53,-0.73,-0.74,0.7,0.44,0.74,0.46,-0.09,-0.34,0.02,-0.2,0.74,1.37
M,0.25,-0.02,-0.02,-0.32,0.21,-0.36,0.01,-0.73,-0.75,0.27,-0.78,20,0.43,-0.52,0.07,1.07,0.44,0.53,0.21,0.44
C,-0.42,0.08,0.08,0.36,-0.16,-0.28,0.69,-0.74,0.27,-1.77,0.31,0.12,0.28,0.07,0.39,-0.45,0.68,0.92,0.53,0.17
P,0.06,0.28,0.76,0.3,0.99,0.65,-0.02,0.7,-0.78,0.31,-0.78,0.21,0.04,0.59,0.73,-0.21,0.26,0.34,0.87,0.41
S,0.04,0.38,0.18,0.3,0.57,0.15,-0.03,0.44,20,0.12,0.21,-0.68,-0.23,-0.21,0.19,-0.13,-0.05,0.24,-0.03,0.1
T,0.28,0.06,0.19,0.57,0.34,0.25,0.23,0.74,0.43,0.28,0.04,-0.23,-0.58,-0.06,-0.31,-0.22,-0.26,-0.31,0.32,-0.27
N,0.49,-0.04,0.48,0.25,1.45,0.12,-0.14,0.46,-0.52,0.07,0.59,-0.21,-0.06,-0.45,0.2,-0.56,-0.27,20,-0.43,0.76
Q,0.54,0.35,0.41,0.35,0.44,-0.04,-0.06,-0.09,0.07,0.39,0.73,0.19,-0.31,0.2,-0.17,0.28,0.05,-0.56,-0.03,-0.2
H,-0.09,0.44,0.37,0.1,0.24,0.25,0.33,-0.34,1.07,-0.45,-0.21,-0.13,-0.22,-0.56,0.28,-0.15,0.57,-0.11,-0.61,-0.14
K,0.56,0.28,0.53,0.37,20,0.75,20,0.02,0.44,0.68,0.26,-0.05,-0.26,-0.27,0.05,0.57,0.21,0.58,-0.43,-1.12
R,0.4,0.59,0.43,0.37,0.05,0.31,0.03,-0.2,0.53,0.92,0.34,0.24,-0.31,20,-0.56,-0.11,0.58,-0.03,-0.79,-0.85
D,-0.26,0.24,0.51,0.8,0.26,0.33,0.61,0.74,0.21,0.53,0.87,-0.03,0.32,-0.43,-0.03,-0.61,-0.43,-0.79,0.11,0.86
E,0.21,0.53,0.37,0.51,0.53,0.38,0.25,1.37,0.44,0.17,0.41,0.1,-0.27,0.76,-0.2,-0.14,-1.12,-0.85,0.86,0.58
