aa,A,C,D,E,F,G,H,I,K,L,M,N,P,Q,R,S,T,V,W,Y
A,0.18,-0.01,0.12,0.62,-0.76,0.4,-0.47,-0.92,0.28,-0.61,-0.87,0.28,0.34,0.31,0.08,0.06,-0.09,-0.63,-0.76,-0.77
C,-0.01,-0.27,0.26,-0.15,-1.45,0.12,-1.37,-0.56,0.11,-0.67,-1.52,0.12,0.45,-0.77,-1.4,-0.27,0.12,-0.75,-1.48,-0.9
D,0.12,0.26,0.86,0.16,0.11,0.4,-1.37,0.39,-0.09,0.92,0.14,0.24,1.17,0.29,-0.89,0.19,-0.25,0.35,-0.27,-0.29
E,0.62,-0.15,0.16,-0.57,-0.3,1.06,-0.76,0.57,-0.84,0.42,0.08,0,0.5,-0.12,-0.76,0.23,-0.08,0.57,-0.65,-0.56
F,-0.76,-1.45,0.11,-0.3,-1.65,-0.03,-1.27,-1.6,0.05,-1.43,-1.52,-0.22,0.27,-0.31,-0.81,-0.37,-0.9,-1.23,-1.46,-0.89
G,0.4,0.12,0.4,1.06,-0.03,0,0.15,0.01,0.63,0.09,-0.35,0.62,0.36,0.26,-0.18,0.44,0.4,0.06,-0.7,0.24
H,-0.47,-1.37,-1.37,-0.76,-1.27,0.15,-0.95,-0.04,0.72,0.29,-1.2,-0.49,-0.28,-0.38,-0.42,-0.26,0.11,0.24,-1.38,-0.83
I,-0.92,-0.56,0.39,0.57,-1.6,0.01,-0.04,-1.59,0.2,-1.49,-1.6,0.15,0.44,0.21,0.05,0.15,-0.39,-1.34,-1.48,-0.85
K,0.28,0.11,-0.09,-0.84,0.05,0.63,0.72,0.2,1.13,0.28,0.48,0.54,0.91,0.31,1.18,0.61,0.15,0.77,-0.24,-0.57
L,-0.61,-0.67,0.92,0.42,-1.43,0.09,0.29,-1.49,0.28,-1.33,-1.11,0.26,0.46,0.19,-0.28,0.15,-0.13,-1.09,-1.07,-0.71
M,-0.87,-1.52,0.14,0.08,-1.52,-0.35,-1.2,-1.6,0.48,-1.11,-1.51,-0.81,-0.04,0.72,-0.77,0.08,-0.63,-1.1,-1.91,-0.88
N,0.28,0.12,0.24,0,-0.22,0.62,-0.49,0.15,0.54,0.26,-0.81,-0.25,0.56,-0.3,0.06,-0.2,0.18,0.23,-0.49,-0.59
P,0.34,0.45,1.17,0.5,0.27,0.36,-0.28,0.44,0.91,0.46,-0.04,0.56,0.77,-0.51,-0.25,0.48,0.63,0.07,-0.58,-0.53
Q,0.31,-0.77,0.29,-0.12,-0.31,0.26,-0.38,0.21,0.31,0.19,0.72,-0.3,-0.51,0.2,-0.3,0.8,0,0,0.05,-1.04
R,0.08,-1.4,-0.89,-0.76,-0.81,-0.18,-0.42,0.05,1.18,-0.28,-0.77,0.06,-0.25,-0.3,-0.64,-0.26,0.48,0.08,-1,-1.01
S,0.06,-0.27,0.19,0.23,-0.37,0.44,-0.26,0.15,0.61,0.15,0.08,-0.2,0.48,0.8,-0.26,-0.06,-0.05,0.11,-0.23,-0.28
T,-0.09,0.12,-0.25,-0.08,-0.9,0.4,0.11,-0.39,0.15,-0.13,-0.63,0.18,0.63,0,0.48,-0.05,-0.26,-0.31,-0.1,-0.36
V,-0.63,-0.75,0.35,0.57,-1.23,0.06,0.24,-1.34,0.77,-1.09,-1.1,0.23,0.07,0,0.08,0.11,-0.31,-1.26,-1.13,-0.67
W,-0.76,-1.48,-0.27,-0.65,-1.46,-0.7,-1.38,-1.48,-0.24,-1.07,-1.91,-0.49,-0.58,0.05,-1,-0.23,-0.1,-1.13,-1.04,-0.63
Y,-0.77,-0.9,-0.29,-0.56,-0.89,0.24,-0.83,-0.85,-0.57,-0.71,-0.88,-0.59,-0.53,-1.04,-1.01,-0.28,-0.36,-0.67,-0.63,-0.4
